     -0.10400000   85822.00000000    1378.72183415   85822.00000000       0.00000000       0.00000000    1378.72183415
      0.09600000   85775.00000000    1383.19828873   85804.91774954     -40.01743431     -46.87307026    1380.34858145
      0.29600000   85724.00000000    1388.05796565   85772.92512266    -109.95859782    -123.52558412    1383.39595353
      0.49600000   85719.00000000    1388.53453056   85746.24417937    -158.25836968    -166.20988870    1385.93807933
      0.69600000   85599.00000000    1399.97884685   85682.56949213    -285.99554241    -297.14081553    1392.00751057
      0.89600000   85518.00000000    1407.71110654   85604.40799557    -430.09881437    -432.51891413    1399.46281064
      1.09600000   85459.00000000    1413.34698016   85524.00774470    -558.57379984    -534.36857299    1407.13740369
      1.29600000   85275.00000000    1430.94352191   85397.80427104    -774.13392855    -726.76985024    1419.19592671
      1.49600000   85128.00000000    1445.02373478   85250.30532502   -1007.49719883    -918.38941323    1433.30749653
      1.69600000   84969.00000000    1460.27553438   85083.80373392   -1249.22195617   -1098.25599974    1449.26086870
      1.89600000   84790.00000000    1477.47347757   84897.46052221   -1498.39176021   -1266.61774770    1467.14537412
      2.09600000   84556.00000000    1500.00009655   84678.07609155   -1783.27381014   -1457.87816347    1488.24183481
      2.29600000   84154.00000000    1538.81779785   84374.34989267   -2217.96609803   -1803.10720506    1517.52194564
      2.49600000   83448.00000000    1607.35508464   83896.84035589   -2991.42503630   -2506.31937372    1563.72832319
      2.69600000   82789.00000000    1671.75468757   83304.04006271   -3920.93985920   -3313.24868542    1621.38806716
      2.89600000   82188.00000000    1730.84925986   82649.09132870   -4855.75905662   -4035.65483484    1685.48040117
      3.09600000   81643.00000000    1784.74081579   81974.85923874   -5687.07076572   -4555.58904285    1751.89082885
      3.29600000   81109.00000000    1837.82793830   81299.26943368   -6378.90822653   -4853.69009222    1818.88010938
      3.49600000   80601.00000000    1888.59362580   80641.43889269   -6898.95279824   -4917.04696522    1884.54299152
      3.69600000   80115.00000000    1937.40387611   80014.09549691   -7236.02129005   -4758.95673666    1947.56802336
      3.89600000   79641.00000000    1985.24043763   79422.35101644   -7400.42025748   -4416.39256238    2007.38445213
      4.09600000   79195.00000000    2030.46218986   78874.53630258   -7395.74756605   -3914.31210396    2063.08279631
      4.29600000   78750.00000000    2075.78854311   78365.84806653   -7257.68693154   -3312.44930201    2115.08419986
      4.49600000   78330.00000000    2118.75912045   77899.59584235   -6999.98133934   -2638.12169949    2162.98815149
      4.69600000   77940.00000000    2158.82775049   77478.78362482   -6636.32643898   -1915.51963586    2206.42322496
      4.89600000   77558.00000000    2198.23215920   77096.41977612   -6202.81506315   -1192.34751912    2246.05572234
      5.09600000   77180.00000000    2237.37895547   76744.25446609   -5734.43517265    -509.65141601    2282.69915575
      5.29600000   76834.00000000    2273.34806463   76424.95448089   -5236.22990747     131.21294210    2316.04077213
      5.49600000   76501.00000000    2308.08980638   76132.99961108   -4731.40287895     707.77061603    2346.62585089
      5.69600000   76159.00000000    2343.89821165   75855.39616828   -4257.36197023    1183.43619760    2375.79569105
      5.89600000   75825.00000000    2378.99488854   75587.65847828   -3826.28841899    1555.28655377    2404.01086597
      6.09600000   75508.00000000    2412.42118655   75329.44931152   -3438.15477627    1835.02747995    2431.29865139
      6.29600000   75200.00000000    2445.00748877   75077.68240109   -3098.38235622    2026.66627281    2457.97863886
      6.49600000   74907.00000000    2476.10725552   74832.25436858   -2803.84400524    2143.77258216    2484.05671398
      6.69600000   74600.00000000    2508.79887242   74582.79019532   -2575.02231754    2170.73571931    2510.63472136
      6.89600000   74333.00000000    2537.31968655   74341.01464876   -2377.35193600    2158.17891941    2536.46235883
      7.09600000   74048.00000000    2567.85492983   74095.57160969   -2233.79767433    2083.64699647    2562.75144123
      7.29600000   73794.00000000    2595.14910179   73855.57230612   -2116.12555260    1987.17974627    2588.52572674
      7.49600000   73535.00000000    2623.05900655   73615.57497787   -2033.13191290    1860.94041821    2614.36770865
      7.69600000   73286.00000000    2649.96645836   73377.00694726   -1976.21086004    1718.35699874    2640.12348899
      7.89600000   73035.00000000    2677.16506097   73136.98062887   -1947.65601117    1558.58077040    2666.10522649
      8.09600000   72803.00000000    2702.37220028   72901.14778211   -1929.31293453    1404.80958249    2691.70037375
      8.29600000   72567.00000000    2728.08076968   72665.92405921   -1926.77022597    1249.82217706    2717.29628589
      8.49600000   72329.00000000    2754.07586394   72429.39206281   -1941.06988308    1092.53480467    2743.10229953
      8.69600000   72123.00000000    2776.63179906   72202.62179651   -1942.68719982     967.78885556    2767.90744657
      8.89600000   71927.00000000    2798.14126811   71986.57031093   -1929.45962749     874.45819358    2791.59887665
      9.09600000   71721.00000000    2820.79937501   71774.70661896   -1917.34863164     790.31436049    2814.88706719
      9.29600000   71527.00000000    2842.18582557   71569.82879821   -1898.76546978     723.21314806    2837.46036660
      9.49600000   71341.00000000    2862.73451014   71372.75093055   -1871.80647125     673.46797600    2859.22370078
      9.69600000   71149.00000000    2883.99160883   71179.02013810   -1847.30793293     626.43449040    2880.66489648
      9.89600000   70967.00000000    2904.18449384   70990.91203928   -1819.15452802     588.97075351    2901.52906399
     10.09600000   70810.00000000    2921.63734745   70815.72077138   -1770.26533479     580.00784276    2921.00084997
     10.29600000   70636.00000000    2941.01664566   70643.92373212   -1725.18322098     567.59348479    2940.13329820
     10.49600000   70470.00000000    2959.54100514   70476.95212985   -1679.99328810     556.70136638    2958.76449087
     10.69600000   70318.00000000    2976.53408470   70318.15153282   -1626.75264445     556.46395519    2976.51712905
     10.89600000   70170.00000000    2993.10858181   70166.52920041   -1568.68962674     561.90176504    2993.49761569
     11.09600000   70027.00000000    3009.15004025   70021.60477282   -1507.53050014     570.35463554    3009.75578528
     11.29600000   69890.00000000    3024.54332892   69883.32263773   -1443.84493754     580.81626704    3025.29422007
     11.49600000   69747.00000000    3040.63686006   69747.24820598   -1388.41857168     580.42739501    3040.60890328
     11.69600000   69615.00000000    3055.51615902   69616.04052184   -1334.08932474     578.79717702    3055.39878006
     11.89600000   69501.00000000    3068.38485876   69494.40220945   -1269.69971184     589.13414102    3069.13016242
     12.09600000   69373.00000000    3082.85431054   69374.41680738   -1215.03792992     586.91438476    3082.69403269
     12.29600000   69254.00000000    3096.32578340   69258.12334546   -1164.20946042     580.45421097    3095.85868401
     12.49600000   69149.00000000    3108.22795195   69149.02162370   -1108.51477963     580.42033245    3108.22549931
     12.69600000   69040.00000000    3120.59902773   69043.36019724   -1057.28896605     575.15580676    3120.21742225
     12.89600000   68936.00000000    3132.41737548   68941.41751529   -1009.32037791     566.66801678    3131.80138378
     13.09600000   68839.00000000    3143.45327713   68844.17765818    -961.84578913     558.55601840    3142.86388564
     13.29600000   68749.00000000    3153.70404082   68752.44645381    -912.83432491     553.15635185    3153.31129875
     13.49600000   68649.00000000    3165.10653041   68660.68912133    -875.36646992     534.84264131    3163.77298566
     13.69600000   68565.00000000    3174.69502019   68573.98709788    -836.04255403     520.76227507    3173.66870051
     13.89600000   68476.00000000    3184.86463713   68488.81159848    -803.18593531     500.68994460    3183.40005603
     14.09600000   68402.00000000    3193.32842600   68409.64680361    -765.34792521     488.70945915    3192.45347543
     14.29600000   68331.00000000    3201.45606071   68335.72660721    -724.75404044     481.30413638    3200.91477595
     14.49600000   68255.00000000    3210.16364521   68263.50941561    -689.93088196     467.97216984    3209.18830166
     14.69600000   68195.00000000    3217.04360141   68197.82147721    -648.77950993     463.55167360    3216.71996428
     14.89600000   68132.00000000    3224.27283267   68135.61221202    -609.11017797     457.89230849    3223.85818617
     15.09600000   68077.00000000    3230.58849312   68078.43070669    -567.06620344     455.65077575    3230.42415247
     15.29600000   68015.00000000    3237.71292073   68022.06058248    -532.76783490     444.58874120    3236.90132306
     15.49600000   67965.00000000    3243.46225837   67970.06917134    -496.86774657     436.64671253    3242.87921483
     15.69600000   67918.00000000    3248.86975941   67922.06240754    -460.38346416     430.28201207    3248.40224676
     15.89600000   67872.00000000    3254.16514210   67876.99584055    -425.75873590     422.45487305    3253.58989520
     16.09600000   67834.00000000    3258.54178103   67836.59054226    -388.66813001     418.39618978    3258.24335303
     16.29600000   67794.00000000    3263.15091467   67798.58720032    -354.63785100     411.20928013    3262.62222741
     16.49600000   67764.00000000    3266.60921022   67765.55115192    -317.23655253     408.77904209    3266.43036844
     16.69600000   67739.00000000    3269.49207033   67737.71423487    -276.27394859     410.79349037    3269.64036086
     16.89600000   67705.00000000    3273.41414297   67710.14640813    -243.72151484     402.73045243    3272.82037624
     17.09600000   67677.00000000    3276.64528284   67684.38708997    -214.94022777     391.15686844    3275.79272341
     17.29600000   67665.00000000    3278.03038844   67665.35346163    -177.86195221     390.60308910    3277.98958712
     17.49600000   67647.00000000    3280.10841984   67648.95968468    -142.98529403     387.53279005    3279.88216000
     17.69600000   67630.00000000    3282.07141621   67634.46783241    -111.75823705     380.53289783    3281.55547522
     17.89600000   67618.00000000    3283.45730128   67622.76935857     -81.60648561     373.06059517    3282.90646219
     18.09600000   67618.00000000    3283.45730128   67617.14333336     -44.64680685     374.40276149    3283.55624568
     18.29600000   67617.00000000    3283.57280069   67615.46113779      -6.64578782     376.81374485    3283.75054107
     18.52600000   67635.00000000    3281.49402286   67623.26173908      45.22921470     395.20444393    3282.84959629
     18.78600000   67605.00000000    3284.95890152   67620.54758336      62.37267831     370.84556070    3283.16306315
     18.98600000   67592.00000000    3286.46073560   67615.07117875      67.11426563     334.69922620    3283.79558231
     19.18600000   67560.00000000    3290.15855465   67600.13844356      45.55694375     271.81307621    3285.52050885
     19.38600000   67467.00000000    3300.91339751   67555.33019801     -46.49785741     133.42340317    3290.69830081
     19.58600000   67556.00000000    3290.62088174   67553.12357945     -29.84176322     137.92998086    3290.95335723
     19.78600000   67526.00000000    3294.08904168   67541.84644626     -37.79640159     113.10285983    3292.25695259
     19.98600000   67633.00000000    3281.72497605   67572.99846994      53.31842158     207.10912625    3288.65632146
     20.18600000   67708.00000000    3273.06801359   67625.93077351     182.97519325     335.68954017    3282.54135058
     20.38600000   67743.00000000    3269.03075482   67680.64583982     298.60517272     433.38174549    3276.22449946
     20.58600000   67907.00000000    3250.13578232   67782.43328644     506.82797686     628.54429634    3264.48413832
     20.78600000   67800.00000000    3262.45940426   67821.63314552     538.23212973     594.65097330    3259.96655807
     20.98600000   67768.00000000    3266.14803253   67836.77491097     503.32656078     486.89917768    3258.22211428
     21.18600000   67842.00000000    3257.62021841   67870.85973838     511.46662389     441.68372647    3254.29644252
     21.38600000   67915.00000000    3249.21502192   67919.45316974     547.91178328     434.70680670    3248.70252218
     21.58600000   67825.00000000    3259.57864418   67919.88116992     462.73232009     286.05352187    3248.65326656
     21.78600000   67818.00000000    3260.38517032   67911.96821858     364.50328857     138.83058636    3249.56395462
     21.98600000   67905.00000000    3250.36598614   67932.11710803     341.55967738      96.34536841    3247.24522247
     22.18600000   67845.00000000    3257.27465511   67921.60904228     248.33797969     -23.68040479    3248.45442011
     22.38600000   67896.00000000    3251.40197129   67927.40750644     204.05455496     -72.88752359    3247.78715307
     22.58600000   68019.00000000    3237.25312158   67972.95268652     258.64939658      -0.74376300    3242.54757577
     22.78600000   67762.00000000    3266.83980733   67912.08500126      57.82704410    -235.88661019    3249.55051367
     22.98600000   68056.00000000    3233.00101708   67967.23303900     153.91499218     -96.81264697    3243.20541541
     23.18600000   67975.00000000    3242.31211691   67979.17751440     139.03321125    -103.35768892    3241.83168424
     23.38600000   68132.00000000    3224.27283267   68042.91412754     248.27050591      36.21592282    3234.50465436
     23.58600000   68073.00000000    3231.04797503   68069.12659294     256.92823290      42.28451033    3231.49293598
     23.78600000   68143.00000000    3223.01019601   68111.80059337     302.71930127      91.16559268    3226.59185454
     23.98600000   68157.00000000    3221.40344257   68146.99457350     324.85427356     106.84140608    3222.55171914
     24.18600000   68208.00000000    3215.55252841   68189.33190289     360.08115363     136.08929541    3217.69379243
     24.38600000   68351.00000000    3199.16589458   68270.49375048     480.82941213     262.22094460    3208.38783541
     24.58600000   68378.00000000    3196.07503087   68339.71908614     557.20647268     322.19684494    3200.45758620
     24.78600000   68637.00000000    3166.47573281   68482.76164610     794.44376952     563.84687910    3184.09163966
     24.98600000   68357.00000000    3198.47895055   68487.25453216     674.34699126     359.77304564    3183.57804304
     25.18600000   68511.00000000    3180.86407341   68538.14856106     672.57178516     317.23854924    3177.76208298
     25.38600000   68560.00000000    3175.26606352   68588.12095804     665.41260700     273.18056821    3172.05484483
     25.58600000   68483.00000000    3184.06439195   68591.37824720     546.67318134     103.38099192    3171.68295387
     25.78600000   68567.00000000    3174.46661230   68616.22758950     490.75183368      26.25459383    3168.84632725
     25.98600000   68853.00000000    3141.85968935   68732.34919344     654.65258571     215.28197119    3155.60171497
     26.18600000   68767.00000000    3151.65301915   68785.57947053     650.46809516     186.17293589    3149.53642522
     26.38600000   68711.00000000    3158.03540382   68798.76867861     550.94291860      48.66301279    3148.03417692
     26.58600000   68766.00000000    3151.76695340   68820.66891886     482.49042237     -36.98848553    3145.54025871
     26.78600000   68716.00000000    3157.46537684   68812.00259320     350.52821587    -187.39873915    3146.52707092
     26.98600000   68736.00000000    3155.18560469   68805.24989463     239.91054508    -295.89470646    3147.29605309
     27.18600000   68841.00000000    3143.22560566   68832.03602106     223.49470745    -281.85056140    3144.24606856
     27.38600000   68869.00000000    3140.03876743   68858.30137813     210.74733439    -265.08869721    3141.25631417
     27.58600000   68948.00000000    3131.05298345   68903.00344595     245.48538676    -194.59119416    3136.17005347
     27.78600000   68965.00000000    3129.12042386   68939.96671573     260.28869507    -155.37076781    3131.96634126
     27.98600000   68977.00000000    3127.75649638   68968.87668297     256.23870157    -142.64371394    3128.67977664
     28.18600000   69146.00000000    3108.56822889   69048.49251379     372.96913427      10.12430243    3119.63459258
     28.38600000   69163.00000000    3106.64015096   69112.93182084     440.91134754      88.56767854    3112.31980078
     28.58600000   69025.00000000    3122.30270709   69108.17607331     338.15905108     -41.74686677    3112.85945800
     28.78600000   69140.00000000    3109.24881862   69140.28451949     333.77078381     -42.19263232    3109.21654403
     28.98600000   69162.00000000    3106.75355669   69168.44956092     321.09347644     -52.29736034    3106.02216289
     29.18600000   69192.00000000    3103.35196235   69196.47719022     310.08432214     -59.31191374    3102.84441193
     29.38600000   69258.00000000    3095.87265646   69237.61262968     331.66015189     -27.37038551    3098.18239442
     29.58600000   69432.00000000    3076.18211421   69328.45013759     467.53899594     134.86440989    3087.89541396
     29.78600000   69467.00000000    3072.22620089   69407.77261827     559.70744128     227.65779401    3078.92138639
     29.98600000   69304.00000000    3090.66321920   69404.92694229     446.56455840      69.53240927    3079.24318393
     30.18600000   69310.00000000    3089.98393381   69397.91842820     335.64158897     -68.21213118    3080.03577322
     30.38600000   69413.00000000    3078.33028627   69423.71036289     314.76723897     -84.99239038    3077.11929603
     30.58600000   69357.00000000    3084.66451169   69418.45002182     224.41354480    -181.26805397    3077.71404891
     30.78600000   69463.00000000    3072.67822357   69447.82370526     227.31134574    -157.49088021    3074.39342266
     30.98600000   69468.00000000    3072.11319851   69468.58554541     211.40900642    -158.40827244    3072.04703110
     31.18600000   69518.00000000    3066.46475828   69498.99959673     221.61640399    -128.63974869    3068.61082349
     31.38600000   69564.00000000    3061.27109792   69535.78947154     247.00087475     -84.44143489    3064.45589636
     31.58600000   69462.00000000    3072.79123254   69523.81672208     156.20958075    -181.29161920    3065.80786377
     31.78600000   69617.00000000    3055.29054471   69566.69836474     206.08813215    -102.48248015    3060.96652363
     31.98600000   69584.00000000    3059.01385208   69585.27983432     194.53793109    -104.48763645    3058.86942493
     32.18600000   69749.00000000    3040.41159156   69656.36573364     308.41301753      40.64535456    3050.85087634
     32.38600000   69778.00000000    3037.14578593   69719.53987532     390.51016456     132.23665316    3043.73033966
     32.58600000   70061.00000000    3005.33358527   69867.89569311     661.49767048     434.77918669    3027.02925246
     32.78600000   69818.00000000    3032.64302938   69891.45948968     604.97840327     319.68791566    3024.37921229
     32.98600000   69835.00000000    3030.72999037   69908.84626019     536.89303687     203.99067923    3022.42431886
     33.18600000   69919.00000000    3021.28285826   69945.94378569     520.43662739     161.77701078    3018.25454899
     33.38600000   69902.00000000    3023.19403581   69962.25000020     455.37792269      67.38145846    3016.42229350
     33.58600000   69892.00000000    3024.31843371   69964.74263657     364.54732316     -46.58669647    3016.14223771
     33.78600000   70022.00000000    3009.71141017   70007.69327367     379.21141564     -24.17190262    3011.31786267
     33.98600000   70015.00000000    3010.49738259   70033.45109439     352.21106678     -53.07980701    3008.42579813
     34.18600000   70108.00000000    3000.06036621   70081.91348249     382.00825377     -12.20924733    3002.98681944
     34.38600000   70062.00000000    3005.22135930   70097.98405999     332.70454587     -68.58659515    3001.18387605
     34.58600000   70090.00000000    3002.07955860   70115.21216454     292.39690281    -108.08727879    2999.25144246
     34.78600000   70068.00000000    3004.54803071   70115.60372332     218.34665485    -182.66951515    2999.20752675
     34.98600000   70228.00000000    2986.60980091   70169.26143906     279.37800563     -90.64198180    2993.19136409
     35.18600000   70299.00000000    2978.66031044   70233.22172149     358.66019702      12.41489638    2986.02493101
     35.38600000   70320.00000000    2976.31029853   70286.71510848     404.37328888      64.56337288    2980.03531881
     35.58600000   70363.00000000    2971.50014194   70339.34107691     442.21711525     101.63054474    2974.14643161
     35.78600000   70187.00000000    2991.20331625   70311.29375739     285.72059215     -93.10435718    2977.28450450
     35.98600000   70373.00000000    2970.38184203   70350.90791218     306.33254625     -58.49199495    2972.85257192
     36.18600000   70438.00000000    2963.11602741   70401.10969965     350.06110542      -0.69481211    2967.23902364
     36.38600000   70458.00000000    2960.88148442   70443.17630513     369.82230646      22.52993246    2962.53764432
     36.58600000   70545.00000000    2951.16719477   70502.84975123     428.36458141      88.56804035    2955.87241623
     36.78600000   70584.00000000    2946.81566194   70558.78052912     470.60021604     128.08017106    2949.62937163
     36.98600000   70640.00000000    2940.57071069   70617.43332370     513.08068573     163.43608586    2943.08679603
     37.18600000   70450.00000000    2961.77523998   70588.41235682     343.63271433     -53.41886564    2946.32346363
     37.38600000   70637.00000000    2940.90516000   70626.91386300     351.99553551     -37.61660059    2942.02967822
     37.58600000   70668.00000000    2937.44973822   70663.24632238     354.74277404     -30.16886577    2937.97952825
     37.78600000   70736.00000000    2929.87440030   70711.27814276     384.91406678       8.56363814    2932.62778286
     37.98600000   70828.00000000    2919.63479400   70777.24762798     453.62162013      88.07896052    2925.28220370
     38.18600000   70865.00000000    2915.51972795   70837.11994925     499.36904604     131.75950461    2918.62032986
     38.38600000   70618.00000000    2943.02360614   70788.38255466     284.11737125    -135.18415184    2924.04289728
     38.58600000   70907.00000000    2910.85067967   70848.45980817     349.44198202     -43.46740956    2917.35907995
     38.78600000   70918.00000000    2909.62820376   70894.96074887     376.08599141      -7.37109705    2912.18882792
     38.98600000   70980.00000000    2902.74075513   70948.82891193     417.07224310      41.46561774    2906.20287608
     39.18600000   71027.00000000    2897.52287014   71002.84868715     453.35729652      79.30423198    2900.20377130
     39.38600000   70985.00000000    2902.18552803   71024.29818716     408.40596677      17.73453788    2897.82274649
     39.58600000   71113.00000000    2887.98248478   71081.54618454     452.18053039      67.01421046    2891.47072063
     39.78600000   71301.00000000    2867.15924888   71189.13582657     608.24136593     242.27529596    2879.54417202
     39.98600000   71365.00000000    2860.08063107   71290.93345642     730.56984767     358.31765724    2868.27311108
     40.18600000   71170.00000000    2881.66435291   71292.67505184     600.88043829     166.11883173    2868.08039458
     40.38600000   71234.00000000    2874.57519134   71308.55569991     517.10350626      49.31009399    2866.32329498
     40.58600000   71295.00000000    2867.82313304   71335.37295742     467.83514623     -13.94347617    2863.35684353
     40.78600000   71298.00000000    2867.49118531   71350.33752537     396.49085632     -95.94230768    2861.70189661
     40.98600000   71141.00000000    2884.87832883   71298.20093423     177.01130182    -342.23390874    2867.46895249
     41.18600000   71536.00000000    2841.19263233   71394.44258009     333.50146106    -120.45148892    2856.82590770
     41.38600000   71556.00000000    2838.98589845   71473.18746551     432.70664885       9.29348880    2848.12640955
     41.58600000   71495.00000000    2845.71799904   71507.58463284     416.76584917     -10.42324754    2844.32874927
     41.78600000   71559.00000000    2838.65493144   71551.70905974     425.51744568       0.99969571    2839.45930453
     41.98600000   71623.00000000    2831.59697708   71603.62560985     451.52824619      31.35415634    2833.73305607
     42.18600000   71689.00000000    2824.32380832   71662.33933948     490.19905685      73.12424376    2827.26114749
     42.38600000   71670.00000000    2826.41704337   71695.29348741     463.38687835      33.49614906    2823.63055218
     42.58600000   71703.00000000    2822.78171203   71726.50960819     435.15648695      -3.33708651    2820.19268330
     42.78600000   71653.00000000    2828.29031881   71726.37439702     336.69187588    -118.29504022    2820.20757166
     42.98600000   71770.00000000    2815.40505339   71762.45799859     335.42359509    -106.47875166    2816.23514450
     43.18600000   71874.00000000    2803.96575548   71823.18311717     393.17336749     -26.86235819    2809.55359382
     43.38600000   71841.00000000    2807.59408017   71853.60618031     373.73278500     -46.61285362    2806.20788104
     43.58600000   71908.00000000    2800.22889215   71896.07729026     385.20554942     -27.93317283    2801.53912737
     43.78600000   71851.00000000    2806.49444535   71903.15128867     312.76735544    -109.64022149    2800.76171560
     43.98600000   71868.00000000    2804.62535053   71909.16665318     247.17813220    -174.13729953    2800.10069332
     44.18600000   71915.00000000    2799.45971555   71925.88072217     215.90709659    -191.18446593    2798.26423633
     44.38600000   72125.00000000    2776.41255877   72010.88404391     350.19280248     -12.39544237    2788.92984718
     44.58600000   72029.00000000    2786.94165033   72038.83175848     335.85205979     -27.79916467    2785.86280026
     44.78600000   72040.00000000    2785.73461571   72059.69826493     306.83530128     -58.66105002    2783.57348969
     44.98600000   72091.00000000    2780.14031349   72089.65315622     303.00535407     -56.55090790    2780.28801054
     45.18600000   72369.00000000    2749.70210312   72209.53271925     510.87698350     193.29144885    2767.15056757
     45.38600000   72406.00000000    2745.65811682   72312.72511186     654.19574610     339.42812196    2755.85598622
     45.58600000   72293.00000000    2758.01392360   72346.52857539     615.18200289     255.56323527    2752.15897800
     45.78600000   72259.00000000    2761.73466049   72353.05865661     513.90493560     108.19860767    2751.44495903
     45.98600000   72126.00000000    2776.30294046   72302.25508053     288.53643156    -167.94571801    2757.00135367
     46.18600000   72342.00000000    2752.65417688   72333.83989186     283.32845395    -155.16102237    2753.54654656
     46.38600000   72300.00000000    2757.24806543   72338.39939426     217.07066872    -215.32254965    2753.04792036
     46.58600000   72410.00000000    2745.22102935   72377.05608419     240.46488288    -163.70829043    2748.82145532
     46.78600000   72512.00000000    2734.08189913   72440.31601871     320.63206861     -51.39876372    2741.90897681
     46.98600000   72615.00000000    2722.84642929   72523.24789675     438.42372160      92.35211487    2732.85432513
     47.18600000   72623.00000000    2721.97431163   72586.56535783     496.02383526     149.43540383    2725.94685332
     47.38600000   72448.00000000    2741.06967318   72566.95312772     351.26010715     -36.93216720    2728.08588241
     47.58600000   72579.00000000    2726.77192181   72592.68827086     329.40543849     -58.37800760    2725.27914705
     47.78600000   72621.00000000    2722.19233375   72622.93649769     321.21092588     -61.41197887    2721.98123401
     47.98600000   72840.00000000    2698.34774076   72721.27730550     474.11667953     124.59456527    2711.26698261
     48.18600000   72838.00000000    2698.56523678   72793.03848471     546.21745789     195.03717200    2703.45598906
     48.38600000   72791.00000000    2703.67778607   72826.24825987     517.79359902     139.81262514    2699.84331288
     48.58600000   72715.00000000    2711.95054569   72817.86658142     393.62315411     -21.35165265    2700.75497548
     48.78600000   72721.00000000    2711.29717860   72806.65134425     277.00772475    -155.54428204    2701.97497293
     48.98600000   72831.00000000    2699.32651096   72831.97222359     260.77504519    -157.06749504    2699.22077475
     49.18600000   72897.00000000    2692.15113581   72871.08159215     280.36455372    -116.46031799    2694.96830071
     49.38600000   73009.00000000    2679.98677031   72937.99941332     364.15344868      -5.22148690    2687.69641804
     49.58600000   73078.00000000    2672.50017233   73011.12051560     453.10896042      99.56068485    2679.75660604
     49.78600000   73089.00000000    2671.30718575   73067.40686519     491.54936815     133.39132187    2673.64917048
     49.98600000   73100.00000000    2670.11434455   73109.68206596     491.40438079     118.22212749    2669.06454052
     50.18600000   73320.00000000    2646.28798865   73216.49837045     641.19559070     280.38135497    2657.49016115
     50.38600000   73359.00000000    2642.07026797   73308.29587196     735.93311460     359.82109200    2647.55410568
     50.58600000   73364.00000000    2641.52966586   73374.56892660     756.33913661     343.26242543    2640.38704725
     50.78600000   73242.00000000    2654.72888279   73373.61215036     613.25032554     137.06156924    2640.49047992
     50.98600000   73295.00000000    2648.99261133   73382.91729265     508.81167436      -0.68119211    2639.48459015
     51.18600000   73222.00000000    2656.89438704   73355.52232704     330.14925863    -209.87478162    2642.44629302
     51.38600000   73256.00000000    2653.21331470   73338.91007448     199.10228116    -339.77257828    2644.24269998
     51.58600000   73344.00000000    2643.69225331   73351.93025422     155.87675071    -352.19715463    2642.83470277
     51.78600000   73449.00000000    2632.34399156   73395.70280089     193.35518209    -268.69477238    2638.10263981
     51.98600000   73591.00000000    2617.01769565   73477.71150994     319.09309514     -91.20216564    2629.24317662
     52.18600000   73427.00000000    2634.72063424   73478.51211858     241.43602006    -171.90780662    2629.15672574
     52.38600000   73487.00000000    2628.24023884   73495.84663101     213.09977888    -185.76809903    2627.28510685
     52.58600000   73507.00000000    2626.08105912   73512.37767753     188.07295831    -194.19347395    2625.50057166
     52.78600000   73671.00000000    2608.39370570   73580.95256315     289.87618854     -53.11334931    2618.10134459
     52.98600000   73644.00000000    2611.30345417   73621.42542264     314.97264859     -17.74505568    2613.73694478
     53.18600000   73636.00000000    2612.16576776   73645.91806987     300.00289448     -33.28400473    2611.09671823
     53.38600000   73734.00000000    2601.60764920   73696.16676191     347.41267698      25.99050804    2605.68229993
     53.58600000   73709.00000000    2604.29996667   73722.13716591     332.33573303       5.40810093    2602.88509764
     53.78600000   73731.00000000    2601.93068826   73745.68281466     313.21544651     -17.59592223    2600.34974877
     53.98600000   73885.00000000    2585.36174862   73815.40648669     404.61324787      91.43840319    2592.84588411
     54.18600000   74012.00000000    2571.71877965   73911.85237460     547.34696568     248.34280788    2582.47555142
     54.38600000   74103.00000000    2561.95476205   74015.50143380     688.22435622     385.42953746    2571.34290689
     54.58600000   74004.00000000    2572.57761960   74054.50818318     657.66677026     306.29679335    2567.15657435
     54.78600000   73952.00000000    2578.16191249   74058.33889068     544.83430818     139.69234046    2566.74554652
     54.98600000   73870.00000000    2586.97437647   74023.59052459     352.80489777    -100.94271935    2570.47461228
     55.18600000   74098.00000000    2562.49099438   74071.89813257     378.02777694     -60.04811047    2565.29080325
     55.38600000   74173.00000000    2554.45058389   74131.56843476     427.68126183       4.86401354    2558.89146015
     55.58600000   74195.00000000    2552.09331227   74180.77204085     447.17926493      27.15540040    2553.61775507
     55.78600000   74275.00000000    2543.52618372   74242.42554308     493.35718086      78.19081688    2547.01365100
     55.98600000   74267.00000000    2544.38256025   74281.73489632     481.15437160      55.10519577    2542.80529073
     56.18600000   74153.00000000    2556.59404943   74264.51022587     337.29043283    -119.60134907    2544.64909851
     56.38600000   74233.00000000    2548.02299405   74273.31829514     271.87968954    -182.76927813    2543.70619909
     56.58600000   74342.00000000    2536.35696088   74314.35889222     291.30607879    -139.46309344    2539.31401711
     56.78600000   74410.00000000    2529.08608230   74366.51208751     336.08625778     -71.32922613    2533.73539314
     56.98600000   74482.00000000    2521.39336698   74428.81495132     400.37799994      11.99744656    2527.07524988
     57.18600000   74333.00000000    2537.31968655   74418.49253049     287.17651048    -121.94636437    2528.17839913
     57.38600000   74516.00000000    2517.76278881   74471.12308711     335.49619697     -51.63630686    2522.55510568
     57.58600000   74516.00000000    2517.76278881   74507.78393792     341.52876580     -38.76394643    2518.63999105
     57.78600000   74877.00000000    2479.29708811   74662.73294493     624.40711887     296.93492397    2502.10976304
     57.98600000   74910.00000000    2475.78832915   74791.63029948     811.24201690     482.38842144    2488.37992251
     58.18600000   74822.00000000    2485.14780330   74853.65703952     815.20742859     432.79035138    2481.77980862
     58.38600000   74786.00000000    2488.97924832   74880.15259042     730.81852030     285.27855476    2478.96183160
     58.58600000   74627.00000000    2505.91934931   74833.63981580     481.80762531     -38.47048227    2483.90930837
     58.78600000   74685.00000000    2499.73655843   74808.94610188     312.32642126    -232.66070148    2486.53694446
     58.98600000   74801.00000000    2487.38263144   74824.46145960     258.60937488    -269.41850116    2484.88588708
     59.18600000   74793.00000000    2488.23412818   74828.03971864     185.87671232    -324.31631996    2484.50514815
     59.38600000   74844.00000000    2482.80709947   74844.24789301     154.41076845    -324.70470166    2482.78072791
     59.58600000   74929.00000000    2473.76870233   74883.53462462     184.05277121    -253.47268164    2478.60218801
     59.78600000   74903.00000000    2476.53250675   74901.11307388     162.24331162    -250.51637571    2476.73311755
     59.98600000   75036.00000000    2462.40275163   74959.31765850     240.76263631    -130.37576234    2470.54691061
     60.18600000   74990.00000000    2467.28743889   74984.79946767     235.20270000    -122.22792631    2467.83983010
     60.38600000   75010.00000000    2465.16336379   75007.97304101     226.18004233    -119.05222652    2465.37861356
     60.58600000   75022.00000000    2463.88913883   75026.54350831     208.67371501    -126.17068254    2463.40672760
     60.78600000   74992.00000000    2467.07501074   75026.37026845     150.58828736    -180.01965289    2463.42512107
     60.98600000   75208.00000000    2444.15972543   75101.05818534     276.34981502     -12.47058021    2455.49843562
     61.18600000   75149.00000000    2450.41369744   75135.33351036     293.43268578       8.94113488    2451.86290597
     61.38600000   75231.00000000    2441.72281252   75188.06118585     351.72520679      76.21471272    2446.27278571
     61.58600000   75405.00000000    2423.30655593   75288.62504864     514.70282457     258.54297454    2435.61992910
     61.78600000   75330.00000000    2431.24037358   75335.87399100     531.66600725     249.34000984    2430.61876713
     61.98600000   75438.00000000    2419.81770031   75406.21263712     598.12084310     299.14226157    2423.17833054
     62.18600000   75432.00000000    2420.45194577   75453.01288136     598.73205463     266.22072572    2418.23090398
     62.38600000   75504.00000000    2412.84369487   75508.91281511     617.71795271     258.52366524    2412.32477110
     62.58600000   75568.00000000    2406.08573551   75568.89435969     641.33994543     257.12244405    2405.99133013
     62.78600000   75494.00000000    2413.90004498   75581.61942221     548.82556427     119.84636559    2404.64821639
     62.98600000   75680.00000000    2394.27045028   75651.26554738     598.76549337     164.86552769    2397.30040065
     63.18600000   75561.00000000    2406.82466154   75655.53164480     488.14878581      16.75985476    2396.85049628
     63.38600000   75637.00000000    2398.80500033   75678.67552546     434.01331164     -48.53448932    2394.41009114
     63.58600000   75577.00000000    2405.13576920   75668.10092003     307.49907711    -191.26513888    2395.52505480
     63.78600000   75793.00000000    2382.36401167   75731.72557281     371.09717631     -95.26458487    2388.81851136
     63.98600000   75744.00000000    2387.52521433   75758.58453531     342.44376861    -118.11463071    2385.98873298
     64.18600000   75853.00000000    2376.04785012   75813.47983995     383.96620696     -56.19716475    2380.20765706
     64.38600000   75948.00000000    2366.05552974   75885.67027678     461.94237634      41.45675443    2372.61037198
     64.58600000   76027.00000000    2357.75383112   75965.38711774     548.33448860     137.98757654    2364.22780817
     64.78600000   75850.00000000    2376.36356210   75957.36212014     417.97568871     -30.22000182    2365.07134817
     64.98600000   75971.00000000    2363.63785826   75987.77210203     392.64051177     -56.49737659    2361.87521310
     65.18600000   76109.00000000    2349.14426281   76055.66063179     458.56252646      27.07107331    2354.74376127
     65.38600000   76107.00000000    2349.35416289   76102.42155174     467.28539811      34.24427084    2349.83468805
     65.58600000   76200.00000000    2339.59853033   76166.54224710     515.32532614      86.66357464    2343.10711345
     65.78600000   76197.00000000    2339.91307763   76209.35719173     507.11627577      67.30317739    2338.61750162
     65.98600000   76197.00000000    2339.91307763   76236.05252152     461.34144265       6.11837528    2335.81924004
     66.18600000   76196.00000000    2340.01792896   76249.70522074     390.09368618     -78.02326718    2334.38844155
     66.38600000   76263.00000000    2332.99535229   76278.14645486     362.34383168    -101.75368988    2331.40847541
     66.58600000   76277.00000000    2331.52857926   76299.57363058     322.38140227    -137.12050016    2329.16401028
     66.78600000   76362.00000000    2322.62784820   76341.56069889     336.55706939    -105.09761035    2324.76740616
     66.98600000   76445.00000000    2313.94428435   76399.41418993     387.44244416     -33.67690154    2318.71258325
     67.18600000   76499.00000000    2308.29883512   76459.18614728     437.46374245      28.70070187    2312.46087588
     67.38600000   76599.00000000    2297.85281484   76536.81877073     523.39148422     126.12197095    2304.34697928
     67.58600000   76640.00000000    2293.57313819   76606.67386974     580.07561543     178.33505747    2297.05165716
     67.78600000   76545.00000000    2303.49229336   76620.22907032     496.57075312      60.47132932    2295.63664293
     67.98600000   76595.00000000    2298.27044357   76641.58162699     440.06926887     -12.50955689    2293.40808138
     68.18600000   76705.00000000    2286.79208274   76691.48649167     456.94377287       8.66247761    2288.20148181
     68.38600000   76714.00000000    2285.85353413   76727.61767514     439.56061764     -12.67275828    2284.43360919
     68.58600000   76716.00000000    2285.64497988   76750.21896606     392.57337003     -66.28467846    2282.07740639
     68.78600000   76613.00000000    2296.39125333   76724.14161950     237.54904447    -240.41371621    2284.79604066
     68.98600000   76824.00000000    2274.38958280   76774.24646511     281.01874553    -162.46330308    2279.57313630
     69.18600000   77154.00000000    2240.07729435   76928.96482032     566.42520678     190.10632362    2263.46277264
     69.38600000   76991.00000000    2257.01060135   76986.68270968     590.45014238     196.87035687    2257.45949890
     69.58600000   76826.00000000    2274.18127038   76964.94127650     423.50438772     -20.81326957    2259.72041097
     69.78600000   76983.00000000    2257.84243097   76997.32346644     402.34750725     -43.25429067    2256.35314504
     69.98600000   77019.00000000    2254.09974874   77029.66186566     383.93397895     -59.95856775    2252.99157688
     70.18600000   77043.00000000    2251.60541415   77057.79543382     358.38785491     -83.13903486    2250.06802920
     70.38600000   77136.00000000    2241.94580648   77107.87576431     388.02497057     -39.07591862    2244.86598425
     70.58600000   77203.00000000    2234.99257686   77166.04591382     433.70279183      18.82119947    2238.82705061
     70.78600000   77215.00000000    2233.74773829   77210.39655583     441.66710966      26.03355887    2234.22526517
     70.98600000   77205.00000000    2234.78509289   77235.50118448     403.36850510     -21.75359709    2231.62137856
     71.18600000   77242.00000000    2230.94742415   77262.44866748     373.92839635     -53.79116149    2228.82711109
     71.38600000   77433.00000000    2211.16039801   77347.12837178     483.62476336      80.74659367    2220.05154506
     71.58600000   77296.00000000    2225.34917286   77358.33613240     407.99676637     -16.91736697    2218.89064031
     71.78600000   77427.00000000    2211.78137840   77408.17464869     431.55314457      12.57689742    2213.72999371
     71.98600000   77605.00000000    2193.37550579   77506.11974029     565.02095267     167.49568080    2203.59587270
     72.18600000   77485.00000000    2205.78019937   77533.46266242     516.27776760      91.56771779    2200.76862409
     72.38600000   77541.00000000    2199.98940796   77568.01972036     488.92718499      49.23508013    2197.19659109
     72.58600000   77399.00000000    2214.67980224   77536.61121192     309.58751381    -166.36469269    2200.44311701
     72.78600000   77527.00000000    2201.43678826   77551.54847134     260.78091728    -204.82554751    2198.89900134
     72.98600000   77765.00000000    2176.86005232   77644.46304421     402.34569104     -15.97654369    2189.29950812
     73.18600000   77675.00000000    2186.14660551   77680.10168327     393.98802466     -23.96950981    2185.61996092
     73.38600000   77691.00000000    2184.49502615   77708.06844667     368.85650979     -50.71117696    2182.73346136
     73.58600000   77665.00000000    2187.17898250   77714.80668401     297.36772770    -128.74486046    2182.03812162
     73.78600000   77702.00000000    2183.35972511   77727.94615527     250.30311860    -169.39551024    2180.68235896
     73.98600000   77919.00000000    2160.98989462   77812.18388232     376.91643396      -2.04337095    2171.99491097
     74.18600000   78026.00000000    2149.97817402   77912.92264731     527.97046808     175.11844030    2161.61570229
     74.38600000   78104.00000000    2141.95864160   78015.14731257     663.62956710     314.32671378    2151.09450223
     74.58600000   78232.00000000    2128.81242527   78135.43834271     822.96403741     465.61287052    2138.72815714
     74.78600000   78263.00000000    2125.63119610   78233.45681713     907.17929377     511.89909552    2128.66290341
     74.98600000   78257.00000000    2126.24683823   78298.95159799     900.20791715     446.17221999    2121.94311004
     75.18600000   78261.00000000    2125.83640589   78341.47716739     835.39566385     320.08613467    2117.58240452
     75.38600000   78356.00000000    2116.09362669   78398.74425773     808.94999582     253.11737444    2111.71308466
     75.58600000   77982.00000000    2154.50487702   78297.45391106     411.30388491    -241.11409561    2122.09672252
     75.78600000   78165.00000000    2135.69147372   78273.74021752     242.70800664    -411.48078208    2124.52926978
     75.98600000   78261.00000000    2125.83640589   78282.73434287     174.13439226    -445.53265416    2123.60658346
     76.18600000   78309.00000000    2120.91254231   78301.61491814     141.24140781    -433.96221634    2121.66994853
     76.38600000   78582.00000000    2092.95445297   78410.87963599     328.46850256    -165.86261100    2110.46977220
     76.58600000   78463.00000000    2105.13162741   78449.40863203     330.72525698    -144.56859139    2106.52337254
     76.78600000   78399.00000000    2111.68688135   78450.87361229     247.46147766    -225.84059582    2106.37335035
     76.98600000   78467.00000000    2104.72206782   78471.19436707     220.17047182    -232.41204138    2104.29262516
     77.18600000   78500.00000000    2101.34384605   78494.43643016     205.30064506    -223.69542319    2101.91331008
     77.38600000   78536.00000000    2097.65982447   78521.43228617     203.31139187    -200.87173209    2099.15043118
     77.58600000   78472.00000000    2104.21014210   78515.30089008     126.10922739    -268.71258557    2099.77787867
     77.78600000   78629.00000000    2088.14909382   78563.54324116     187.86658200    -166.15944226    2094.84213949
     77.98600000   78721.00000000    2078.74958720   78631.76411859     291.27555756     -26.35080682    2087.86655810
     78.18600000   78683.00000000    2082.63091330   78668.10805671     308.66507094      -3.01913533    2084.15239275
     78.38600000   78772.00000000    2073.54282273   78724.72103855     371.61470762      71.05428650    2078.36960129
     78.58600000   78908.00000000    2059.67145033   78814.25143875     503.83227911     217.93307803    2069.23129585
     78.78600000   79143.00000000    2035.74809486   78965.16353266     762.62465904     496.55501170    2053.84681178
     78.98600000   79075.00000000    2042.66467717   79053.14325415     839.52912345     530.79865634    2044.88884676
     79.18600000   78899.00000000    2060.58881039   79049.97894927     688.53911472     294.25523295    2045.21089162
     79.38600000   78964.00000000    2053.96533509   79061.66848729     586.14803575     141.23497117    2044.02124923
     79.58600000   79014.00000000    2048.87335761   79080.57622870     510.65544777      36.92791956    2042.09731292
     79.78600000   79085.00000000    2041.64723073   79113.49781211     476.08237605      -7.72049049    2038.74830234
     79.98600000   79189.00000000    2031.07195852   79170.00932286     500.74279120      22.03279503    2033.00219177
     80.18600000   79466.00000000    2002.95989357   79308.25208233     713.85866753     269.18137209    2018.95960567
     80.38600000   79520.00000000    1997.48880786   79429.62478185     860.58431724     410.77504190    2006.64699698
     80.58600000   79416.00000000    2008.02839854   79478.46681461     816.46425314     312.90633737    2001.69653355
     80.78600000   78988.00000000    2051.52086018   79351.01640650     360.93915913    -255.84277604    2014.61965478
     80.98600000   79213.00000000    2028.63310829   79322.16009214     190.36771094    -426.86729314    2017.54793904
     81.18600000   79294.00000000    2020.40640372   79322.30625727     111.52651906    -471.21558826    2017.53310430
     81.38600000   79294.00000000    2020.40640372   79317.45134095      34.92173808    -507.95753472    2018.02585607
     81.58600000   79391.00000000    2010.56362007   79344.82682921      47.91820305    -435.61658957    2015.24768874
     81.78600000   79503.00000000    1999.21086214   79403.96566423     138.56552572    -280.45641043    2009.24870614
     81.98600000   79402.00000000    2009.44804296   79410.89614567      99.74238867    -294.39427899    2008.54592209
     82.18600000   79330.00000000    2016.75227467   79386.72586483      -4.39494087    -383.26845865    2010.99711995
     82.38600000   79477.00000000    2001.84516904   79418.14341570      37.53677723    -291.05601442    2007.81106727
     82.58600000   79601.00000000    1989.28781733   79486.04312267     163.35961533    -110.94949336    2000.92884527
     82.78600000   80014.00000000    1947.57764771   79687.58741631     589.31196279     400.45127049    1980.52858802
     82.98600000   79821.00000000    1967.04757308   79773.26313966     691.60723561     475.24209678    1971.86916828
     83.18600000   79527.00000000    1996.77981333   79727.41540758     469.15849518     161.24503402    1976.50215467
     83.38600000   79689.00000000    1980.38575420   79742.59582792     412.94921978      77.27478070    1974.96791016
     83.58600000   79869.00000000    1962.20175351   79813.99910435     493.93579027     163.44639740    1967.75454268
     83.78600000   79906.00000000    1958.46804347   79878.10017161     546.94494433     207.15792772    1961.28331549
     83.98600000   79871.00000000    1961.99989554   79909.55027428     515.26796395     146.76001202    1958.10985506
     84.18600000   79956.00000000    1953.42471286   79958.35030591     526.21319893     143.07771453    1953.18770832
     84.38600000   80034.00000000    1945.56221410   80018.42117543     560.78661019     167.48554433    1947.13208331
     84.58600000   80073.00000000    1941.63329127   80073.01811831     576.84098772     167.45715780    1941.63146636
     84.78600000   80106.00000000    1938.31002819   80120.74658333     573.19211486     144.35322628    1936.82533274
     84.98600000   80253.00000000    1923.51985555   80204.26475369     652.23739822     220.70825496    1928.42084274
     85.18600000   80240.00000000    1924.82694538   80257.75750045     649.67328304     192.88702579    1923.04155375
     85.38600000   80273.00000000    1921.50928285   80303.56381955     627.30883179     145.00173753    1918.43752724
     85.58600000   80371.00000000    1911.66333594   80366.83292561     646.80280104     151.53042279    1912.08179914
     85.78600000   80335.00000000    1915.27908418   80395.23286198     580.78334766      57.16172145    1909.23018747
     85.98600000   80365.00000000    1912.26586956   80419.90318541     512.83337680     -28.85680958    1906.75372479
     86.18600000   80424.00000000    1906.34253687   80452.64606530     471.74667034     -73.73749252    1903.46787055
     86.38600000   80491.00000000    1899.62030556   80495.19737324     459.05354142     -80.31364794    1899.19932634
     86.58600000   80563.00000000    1892.40146402   80547.65692271     471.86605063     -56.27517076    1893.93934872
     86.78600000   80533.00000000    1895.40867954   80570.99983708     415.63574753    -115.81069935    1891.59970935
     86.98600000   80676.00000000    1881.08241951   80634.22158981     460.39995735     -50.35516255    1885.26580502
     87.18600000   80746.00000000    1874.07705991   80702.83438396     513.30339986      17.27375287    1878.39634499
     87.38600000   80711.00000000    1877.57912474   80737.22011163     479.89013863     -23.80611287    1874.95545120
     87.58600000   80715.00000000    1877.17882653   80758.39974820     419.55404278     -91.80185045    1872.83664843
     87.78600000   80907.00000000    1857.98337583   80837.77791100     503.33126466      16.65055291    1864.89968840
     87.98600000   80907.00000000    1857.98337583   80893.74353312     522.66132525      37.41987255    1859.30752229
     88.18600000   80855.00000000    1863.17849846   80911.71097278     450.39807359     -51.43097527    1857.51285400
     88.38600000   80954.00000000    1853.29010994   80954.45334551     444.85431330     -52.14124581    1853.24485109
     88.58600000   80728.00000000    1875.87796827   80899.17987367     210.88168715    -320.33408680    1858.76448221
     88.78600000   80999.00000000    1848.79862457   80947.40678756     249.13975166    -239.50139354    1853.94835345
     88.98600000   81036.00000000    1845.10713890   80994.12825162     282.15450229    -173.89962089    1849.28478006
     89.18600000   81025.00000000    1846.20446502   81022.08063516     269.36502767    -169.32576105    1846.49571213
     89.38600000   81134.00000000    1835.33628084   81078.72181742     327.04884008     -82.71971027    1840.84648549
     89.58600000   80872.00000000    1861.47979541   81023.33119158     116.68991530    -319.81500265    1846.37095075
     89.78600000   81193.00000000    1829.45843317   81091.19035403     222.16639445    -160.30665855    1839.60333912
     89.98600000   81392.00000000    1809.65862191   81213.62632550     445.36631813     119.15693431    1827.40436095
     90.18600000   81516.00000000    1797.34086525   81351.08990630     677.38610743     377.52671569    1813.72583120
     90.38600000   81636.00000000    1785.43489327   81497.14256810     899.36183205     595.07898019    1799.21312253
     90.58600000   81505.00000000    1798.43295597   81556.70259943     887.33296327     514.07490693    1793.30090895
     90.78600000   81501.00000000    1798.83010945   81592.18893208     814.71150748     371.20636615    1789.78002771
     90.98600000   81454.00000000    1803.49784558   81592.83857191     664.63938549     153.68365019    1789.71558333
     91.18600000   81408.00000000    1808.06838045   81566.72456358     467.08594421     -94.99506844    1792.30642452
     91.38600000   81520.00000000    1796.94377094   81578.00674605     380.37765561    -185.87604460    1791.18700638
     91.58600000   81481.00000000    1800.81611366   81565.44856693     249.57669754    -318.18424531    1792.43303679
     91.78600000   81621.00000000    1786.92236447   81599.95683328     247.17796472    -285.21526044    1789.00947788
     91.98600000   81763.00000000    1772.84983164   81673.48332183     339.53317035    -144.96669197    1781.71883644
     92.18600000   81705.00000000    1778.59537491   81705.26130269     325.26685423    -145.37608302    1778.56948257
     92.38600000   82128.00000000    1736.76807524   81878.35676726     645.22897008     245.74774705    1761.43226692
     92.58600000   82151.00000000    1734.49878230   82017.59939902     847.25495653     454.75062453    1747.66790939
     92.78600000   82064.00000000    1743.08533886   82087.57223670     859.38122403     417.81926693    1740.75812441
     92.98600000   81965.00000000    1752.86521890   82096.76422700     723.24645481     211.38014753    1739.85077412
     93.18600000   81941.00000000    1755.23753928   82084.96798321     550.97000914     -14.17897691    1741.01520776
     93.38600000   82000.00000000    1749.40659307   82087.71360118     432.28471951    -151.60260850    1740.74416956
     93.58600000   81849.00000000    1764.33664948   82026.92426168     179.74263255    -430.36209230    1746.74680796
     93.78600000   82042.00000000    1745.25781960   82042.12504721     138.26061083    -430.55800765    1745.24546996
     93.98600000   82052.00000000    1744.27026988   82052.90011340      95.72306688    -431.96824336    1744.18138399
     94.18600000   82060.00000000    1743.48030028   82060.06302980      54.16980802    -432.06699411    1743.47407657
     94.38600000   82176.00000000    1732.03274297   82104.24346595     108.67160344    -319.64379672    1739.11255188
     94.58600000   82316.00000000    1718.23413828   82186.91001665     250.65419843    -117.39449816    1730.95675216
     94.78600000   82336.00000000    1716.26446060   82256.06987261     346.29740234       7.83452255    1724.13861122
     94.98600000   82374.00000000    1712.52314010   82320.11655744     419.12302325      92.25539069    1717.82869204
     95.18600000   82054.00000000    1744.07277163   82249.27854950     166.77852641    -213.69359648    1724.80792986
     95.38600000   82373.00000000    1712.62157800   82303.81016778     238.81099459    -105.29173082    1719.43483037
     95.58600000   82430.00000000    1707.01216165   82363.95869330     317.03863176      -1.82275818    1713.51162913
     95.78600000   82342.00000000    1715.67363284   82375.34619804     272.26038269     -54.06728551    1712.39062473
     95.98600000   82496.00000000    1700.52097055   82435.67693882     347.75694605      40.44273374    1706.45366149
     96.18600000   82521.00000000    1698.06328412   82488.05735322     395.70293000      92.05500474    1701.30191820
     96.38600000   82590.00000000    1691.28319651   82549.55949300     458.63269259     155.41440693    1695.25641065
     96.58600000   82641.00000000    1686.27477478   82611.27600358     513.31074933     201.98391814    1689.19349610
     96.78600000   82658.00000000    1684.60585704   82660.21810030     529.73431510     198.50875129    1684.38812301
     96.98600000   82708.00000000    1679.69888579   82710.53812186     545.39620987     194.53219671    1679.44986004
     97.18600000   82770.00000000    1673.61757628   82766.04866884     569.35652901     200.72287033    1674.00503505
     97.38600000   82756.00000000    1674.99045271   82797.77779895     532.74470519     135.26829118    1670.89416961
     97.58600000   82862.00000000    1664.60049170   82854.07154616     556.33541591     147.69004681    1665.37725435
     97.78600000   82967.00000000    1654.31915434   82929.54571590     620.61182544     206.37084056    1657.98537468
     97.98600000   82936.00000000    1657.35350015   82970.42158536     594.38174344     152.44147041    1653.98429856
     98.18600000   82745.00000000    1676.06927326   82925.26060469     367.90283842    -129.97843475    1658.40490915
     98.38600000   82996.00000000    1651.48140378   82973.07176022     386.09330264     -94.05604718    1653.72494508
     98.58600000   82991.00000000    1651.97061383   83002.90555010     361.13927616    -112.70884343    1650.80579012
     98.78600000   83007.00000000    1650.40522567   83026.13180137     324.72887978    -142.68323266    1648.53375292
     98.98600000   83121.00000000    1639.25890154   83080.03705622     365.82257345     -78.50531249    1643.26261843
     99.18600000   83129.00000000    1638.47716827   83119.95737344     370.38131527     -64.33794775    1639.36078801
     99.38600000   83084.00000000    1642.87521059   83129.33335405     303.56780748    -135.36312584    1638.44459535
     99.58600000   83218.00000000    1629.78449165   83179.71298936     341.78495220     -75.37767349    1633.52308094
     99.78600000   83184.00000000    1633.10440046   83201.93601196     310.55781417    -103.47858220    1631.35291285
     99.98600000   83328.00000000    1619.05112968   83266.42846482     382.98082901      -7.01253984    1625.05762023
    100.18600000   83340.00000000    1617.88091166   83316.55104757     413.67251487      29.72566446    1620.16773775
    100.38600000   83432.00000000    1608.91377011   83383.87735388     480.89414949     105.12091334    1613.60323366
    100.58600000   83441.00000000    1608.03697975   83434.33380942     499.90233171     115.56504180    1608.68640036
    100.78600000   83430.00000000    1609.10862281   83463.64598298     465.99232459      62.85083206    1605.83112074
    100.98600000   83445.00000000    1607.64731973   83485.52955161     417.81441790      -0.64807909    1603.69998600
    101.18600000   83496.00000000    1602.68047973   83514.86520947     392.51844334     -30.20479049    1600.84383788
    101.38600000   83662.00000000    1586.53089502   83592.23931702     482.92939644      79.09144485    1593.31451484
    101.58600000   83723.00000000    1580.60292798   83669.50769557     562.07250268     162.89950470    1585.80110993
    101.78600000   83714.00000000    1581.47732609   83720.50379840     569.01149340     152.70980112    1580.84543968
    101.98600000   83722.00000000    1580.70007957   83756.26701917     537.83669654      99.02259465    1577.37151972
    102.18600000   83718.00000000    1581.08869531   83775.51568833     470.41093341       8.91097390    1575.50226539
    102.38600000   83718.00000000    1581.08869531   83783.38377737     383.81024276     -93.52782706    1574.73828882
    102.58600000   83692.00000000    1583.61506419   83773.34991577     266.01941268    -220.98127446    1575.71256800
    102.78600000   83773.00000000    1575.74654622   83788.83062559     223.63045523    -245.78360875    1574.20944419
    102.98600000   83781.00000000    1574.96974296   83798.92937529     176.05322450    -273.87411958    1573.22901143
    103.18600000   83794.00000000    1573.70756575   83807.09281746     132.24859598    -294.38704458    1572.43653710
    103.38600000   83803.00000000    1572.83384364   83812.82330030      90.84797298    -309.77751519    1571.88028207
    103.58600000   83828.00000000    1570.40723638   83822.98225292      67.82097820    -301.91605451    1570.89423343
    103.78600000   83831.00000000    1570.11608289   83829.15518095      41.30463317    -299.02571903    1570.29512373
    103.98600000   83848.00000000    1568.46637245   83837.65133281      26.44035200    -282.81213975    1569.47059339
    104.18600000   83857.00000000    1567.59310599   83845.46983190      14.71292845    -264.74746618    1568.71188734
    104.38600000   83864.00000000    1566.91395120   83852.32718689       4.91051290    -246.45930623    1568.04649773
    104.58600000   83851.00000000    1568.17527520   83851.42197499     -19.31400653    -247.12042760    1568.13433062
    104.78600000   83844.00000000    1568.85451525   83846.81933378     -46.80865685    -251.53756566    1568.58093767
    104.98600000   83893.00000000    1564.10079884   83860.00557124     -26.82351901    -199.84416622    1567.30149349
    105.18600000   83885.00000000    1564.87676221   83866.86451682     -21.75086854    -171.43073974    1566.63604296
    105.38600000   83917.00000000    1561.77326818   83883.25435754       6.92933428    -118.56039039    1565.04608950
    105.58600000   83928.00000000    1560.70666343   83899.59293599      33.54430580     -74.05415821    1563.46135927
    105.78600000   83964.00000000    1557.21674822   83924.83444987      78.82222976     -12.69227067    1561.01359644
    105.98600000   83971.00000000    1556.53829430   83946.39290432     110.51777267      25.86043274    1558.92346544
    106.18600000   83989.00000000    1554.79390878   83968.70798425     140.14260315      57.65256599    1556.76043598
    106.38600000   84008.00000000    1552.95294134   83991.72177614     167.45070384      83.15616644    1554.53016697
    106.58600000   84036.00000000    1550.24055111   84018.29138317     199.12041764     110.90080813    1551.95591887
    106.78600000   84048.00000000    1549.07832217   84041.58230802     218.35108258     120.95560609    1549.69987440
    106.98600000   84070.00000000    1546.94791805   84065.60869524     235.83654965     127.83560007    1547.37312079
    107.18600000   84069.00000000    1547.04474480   84081.62788134     231.21794425     108.05110496    1545.82209647
    107.38600000   84105.00000000    1543.55956894   84104.56886835     242.16752414     108.72657234    1543.60129984
    107.58600000   84128.00000000    1541.33356116   84128.20239849     252.33455057     108.40946833    1541.31397463
    107.78600000   84102.00000000    1543.84995412   84134.41687857     219.38163596      57.62093477    1540.71260467
    107.98600000   84103.00000000    1543.75315813   84136.57346485     180.00599349       5.02034145    1540.50392205
    108.18600000   84113.00000000    1542.78524947   84139.02027771     145.68369896     -35.74643827    1540.26716083
    108.38600000   84129.00000000    1541.23678939   84144.17606059     121.95281995     -59.52324518    1539.76828950
    108.58600000   84167.00000000    1537.56015221   84159.74924128     125.93707059     -48.16325561    1538.26158551
    108.78600000   84187.00000000    1535.62561986   84177.20815214     134.41079457     -32.82206251    1536.57270568
    108.98600000   84192.00000000    1535.14204492   84190.70166156     132.99651032     -30.78791522    1535.26761147
    109.18600000   84211.00000000    1533.30467220   84206.11605841     136.57354135     -23.13609178    1533.77693599
    109.38600000   84246.00000000    1529.92091678   84228.88991636     157.23861132       3.67080931    1531.57495562
    109.58600000   84261.00000000    1528.47108434   84250.17979274     172.06392024      20.62316511    1529.51689583
    109.78600000   84273.00000000    1527.31136885   84269.04892236     179.32863325      26.81344155    1527.69319792
    109.98600000   84287.00000000    1525.95853645   84286.61045020     182.42377832      27.42376135    1525.99617653
    110.18600000   84289.00000000    1525.76528953   84298.70703766     172.07250347      12.21544304    1524.82741471
    110.38600000   84320.00000000    1522.77043697   84316.99694972     177.26201110      16.92041548    1523.06051709
    110.58600000   84318.00000000    1522.96362635   84328.24337407     165.18502128       0.87180220    1521.97420993
    110.78600000   84330.00000000    1521.80454568   84338.97860523     153.25909623     -13.19525834    1520.93738905
    110.98600000   84360.00000000    1518.90742819   84355.94561961     157.41541645      -6.84313427    1519.29891331
    111.18600000   84358.00000000    1519.10054340   84366.29165109     145.66771480     -19.83392234    1518.29994561
    111.38600000   84372.00000000    1517.74881478   84377.20973495     136.79521212     -27.99617639    1517.24585059
    111.58600000   84411.00000000    1513.98424250   84397.76812346     151.80629511      -7.26538319    1515.26132450
    111.78600000   84366.00000000    1518.32810481   84395.47728955     111.68053524     -53.44837106    1515.48244209
    111.98600000   84408.00000000    1514.27377497   84406.69656057     108.29294834     -51.40623190    1514.39957359
    112.18600000   84411.00000000    1513.98424250   84414.72749933      98.37211519     -57.24622122    1513.62451007
    112.38600000   84438.00000000    1511.37882510   84429.02940583     104.87538056     -43.19171187    1512.24438515
    112.58600000   84457.00000000    1509.54578759   84445.47747473     116.14129516     -25.13901256    1510.65739095
    112.78600000   84483.00000000    1507.03796150   84466.13861002     136.28143664       1.27825241    1508.66425309
    112.98600000   84495.00000000    1505.88071408   84484.96006038     149.83338839      17.00813860    1506.84892950
    113.18600000   84521.00000000    1503.37380114   84507.26484977     169.83805529      38.52742637    1504.69806278
    113.38600000   84526.00000000    1502.89177409   84524.56575420     175.45510916      40.77450394    1503.03004078
    113.58600000   84546.00000000    1500.96389674   84543.19749211     183.11804481      45.16528036    1501.23401907
    113.78600000   84575.00000000    1498.16913043   84566.07874735     199.38681602      59.14248482    1499.02880007
    113.98600000   84599.00000000    1495.85680713   84590.40177262     216.56532616      72.61359552    1496.68515779
    114.18600000   84610.00000000    1494.79716980   84610.97178413     222.23639067      71.09107106    1494.70356255
    114.38600000   84629.00000000    1492.96714986   84631.31325649     225.96696394      67.46682005    1492.74436703
    114.58600000   84651.00000000    1490.84859498   84652.47486366     230.47102802      65.15610521    1490.70658458
    114.78600000   84662.00000000    1489.78948473   84670.21167219     225.74223166      52.29062255    1488.99891498
    114.98600000   84676.00000000    1488.44168736   84686.26362238     217.03369795      36.21028562    1487.45371033
    115.18600000   84708.00000000    1485.36168511   84707.53259206     221.13508167      36.94258820    1485.40666638
    115.38600000   84711.00000000    1485.07298321   84722.41444345     209.41381945      19.05922404    1483.97460169
    115.58600000   84714.00000000    1484.78428958   84732.20908499     186.88736609      -9.46951670    1483.03218492
    115.78600000   84764.00000000    1479.97394749   84755.15620922     197.80758520       4.38632583    1480.82461339
    115.98600000   84767.00000000    1479.68540004   84771.56146990     192.12733381      -2.76027116    1479.24668238
    116.18600000   84815.00000000    1475.06976499   84799.08183144     213.15419876      22.17921943    1476.60020671
    116.38600000   84827.00000000    1473.91618673   84822.31935941     221.54414303      29.51252487    1474.36612812
    116.58600000   84810.00000000    1475.55046161   84831.46667967     195.66390751      -4.11999095    1473.48683177
    116.78600000   84863.00000000    1470.45624462   84854.87219398     206.13999298       8.61409596    1471.23730013
    116.98600000   84875.00000000    1469.30319469   84874.80988038     207.22124672       8.91196229    1469.32146178
    117.18600000   84894.00000000    1467.47780225   84894.47371025     207.44316893       8.16978568    1467.43229558
    117.38600000   84877.00000000    1469.11103254   84900.82337719     176.36175498     -29.15504154    1466.82233871
    117.58600000   84915.00000000    1465.46064807   84916.66760214     171.33231689     -31.76772577    1465.30048392
    117.78600000   84942.00000000    1462.86775758   84936.25141193     175.97182143     -22.76123374    1463.41975571
    117.98600000   84945.00000000    1462.57969984   84950.11773216     166.94135811     -30.77934415    1462.08831805
    118.18600000   84977.00000000    1459.50759634   84969.99941931     173.35038969     -19.81131630    1460.17959467
    118.38600000   84970.00000000    1460.17953892   84980.53471829     157.35745692     -36.31638763    1459.16830941
    118.58600000   84998.00000000    1457.49203747   84996.39188165     156.02207339     -33.79689851    1457.64636880
    118.78600000   85025.00000000    1454.90119705   85016.22471959     164.51522563     -20.04839330    1455.74317401
    118.98600000   85036.00000000    1453.84586047   85033.40657559     166.05949691     -15.98519448    1454.09466284
    119.18600000   85036.00000000    1453.84586047   85044.44993577     153.22243878     -29.22397210    1453.03525132
    119.38600000   85073.00000000    1450.29690301   85064.10400544     162.31605699     -15.28634028    1451.15007282
    119.58600000   85074.00000000    1450.20100258   85077.57479389     156.06698943     -20.88708123    1449.85818581
    119.78600000   85080.00000000    1449.62561922   85087.93200840     143.45212034     -33.31440591    1448.86501204
    119.98600000   85119.00000000    1445.88642804   85107.89217562     155.11156000     -15.91143141    1446.95126824
    120.18600000   85108.00000000    1446.94093122   85117.36334248     141.05982703     -30.58127177    1446.04331747
    120.38600000   85109.00000000    1446.84506274   85122.85393422     119.59325604     -52.28666212    1445.51700088
    120.58600000   85122.00000000    1445.59885541   85129.69837794     104.27652703     -64.34795067    1444.86094538
    120.78600000   85151.00000000    1442.81940971   85143.62394383     107.96520152     -52.79165367    1443.52628004
    120.98600000   85176.00000000    1440.42395097   85161.83384326     121.84559480     -30.59709457    1441.78125882
    121.18600000   85190.00000000    1439.08274274   85179.42695843     133.05058065     -14.03198095    1440.09562984
    121.38600000   85195.00000000    1438.60378305   85193.17638891     134.14273930     -11.17487265    1438.77846765
    121.58600000   85207.00000000    1437.45437267   85206.36510593     133.91917420     -10.18016434    1437.51518220
    121.78600000   85211.00000000    1437.07126500   85216.20342006     125.98187898     -18.33252464    1436.57291926
    121.98600000   85242.00000000    1434.10267422   85233.22404458     135.96051399      -4.58296188    1434.94297971
    122.18600000   85244.00000000    1433.91118226   85245.43550177     133.60044875      -6.83200723    1433.77374098
    122.38600000   85259.00000000    1432.47510847   85258.50964360     133.60046780      -6.06375058    1432.52205110
    122.58600000   85255.00000000    1432.85804148   85265.38040672     119.13370568     -22.32705717    1431.86432150
    122.78600000   85267.00000000    1431.70928610   85273.18365470     108.71916482     -32.01518164    1431.11737833
    122.98600000   85260.00000000    1432.37937749   85274.94179528      85.65983544     -55.42495779    1430.94909309
    123.18600000   85281.00000000    1430.36923694   85282.21564173      78.71301936     -57.32954156    1430.25288680
    123.38600000   85304.00000000    1428.16811426   85294.77509558      85.54844672     -42.87659641    1429.05088899
    123.58600000   85331.00000000    1425.58480075   85313.04309372     105.45112271     -14.74295191    1427.30281289
    123.78600000   85337.00000000    1425.01082096   85328.15100823     115.87204879      -0.87896082    1425.85735614
    123.98600000   85331.00000000    1425.58480075   85336.26468028     108.74572855      -9.12729943    1425.08116232
    124.18600000   85371.00000000    1421.75888597   85355.50783283     128.59154712      15.14476152    1423.24050649
    124.38600000   85341.00000000    1424.62818593   85358.13740153     107.12276954     -11.70493936    1422.98900774
    124.58600000   85357.00000000    1423.09779100   85364.23579936      96.32062255     -23.04149163    1422.40576536
    124.78600000   85396.00000000    1419.36842628   85381.59899828     113.37115573      -0.47899358    1420.74535763
    124.98600000   85418.00000000    1417.26529045   85401.75556719     135.05342842      24.97166538    1418.81816847
    125.18600000   85428.00000000    1416.30946461   85419.62033483     148.65919509      38.10034787    1417.11040851
    125.38600000   85468.00000000    1412.48706702   85446.40013848     181.20840800      71.94152383    1414.55096853
    125.58600000   85438.00000000    1415.35372937   85454.63150115     165.86880269      45.88443284    1413.76439877
    125.78600000   85476.00000000    1411.72276134   85472.66852598     174.72982692      51.10395698    1412.04103737
    125.98600000   85486.00000000    1410.76746068   85488.34127167     176.50416465      47.43581371    1410.54381192
    126.18600000   85510.00000000    1408.47510825   85507.13824358     184.88583579      51.91941665    1408.74842065
    126.38600000   85518.00000000    1407.71110654   85522.53637648     183.80232562      44.81213430    1407.27790733
    126.58600000   85539.00000000    1405.70587737   85539.88346099     186.92258926      43.42798844    1405.62152698
    126.78600000   85545.00000000    1405.13302797   85553.29303832     179.99905985      30.43502695    1404.34130452
    126.98600000   85567.00000000    1403.03285847   85569.36362486     179.75928109      26.73186225    1402.80724754
    127.18600000   85588.00000000    1401.02855906   85587.20030254     183.39520055      27.98477318    1401.10487715
    127.38600000   85575.00000000    1402.26926888   85594.05518479     160.59387229      -1.86957848    1400.45070905
    127.58600000   85573.00000000    1402.46016086   85596.21081487     129.36803153     -38.23468525    1400.24500394
    127.78600000   85574.00000000    1402.36471441   85595.93159489      96.36220174     -72.59559822    1400.27164880
    127.98600000   85606.00000000    1399.31090505   85605.26659867      90.37400851     -71.44655551    1399.38088432
    128.18600000   85644.00000000    1395.68570675   85624.65739691     109.38745112     -41.14189665    1397.53082743
    128.38600000   85671.00000000    1393.11069937   85648.06455056     136.11586651      -5.20821348    1395.29802592
    128.58600000   85704.00000000    1389.96436037   85676.69698175     172.13589560      37.56827580    1392.56745851
    128.78600000   85710.00000000    1389.39240413   85699.43021335     189.88040328      54.12828983    1390.40000178
    128.98600000   85724.00000000    1388.05796565   85720.12224923     200.26352757      60.20368276    1388.42756368
    129.18600000   85732.00000000    1387.29550860   85736.85365609     199.55091954      52.59930855    1386.83294864
    129.38600000   85715.00000000    1388.91579870   85741.25945931     169.47628092      11.45779556    1386.41308803
    129.58600000   85721.00000000    1388.34390189   85744.28618105     139.42905964     -25.02538974    1386.12466011
    129.78600000   85732.00000000    1387.29550860   85748.26765141     115.26730938     -50.51242600    1385.74526308
    129.98600000   85723.00000000    1388.15327683   85745.97972912      79.68085133     -86.51548352    1385.96327901
    130.18600000   85728.00000000    1387.67672992   85744.06037469      49.89330162    -111.67777289    1386.14617777
    130.38600000   85730.00000000    1387.48611746   85741.67143637      23.56073572    -129.96377586    1386.37382867
    130.58600000   85729.00000000    1387.58142324   85738.12452781      -1.12058819    -144.25945784    1386.71183636
    130.78600000   85726.00000000    1387.86734598   85733.22622104     -24.63515717    -155.58100346    1387.17864608
    130.98600000   85731.00000000    1387.39081258   85730.45532425     -38.84238519    -154.72764300    1387.44272273
    131.18600000   85735.00000000    1387.00960206   85729.27964373     -46.04479504    -145.76538262    1387.55477149
    131.38600000   85730.00000000    1387.48611746   85726.30016518     -55.08944042    -139.96873614    1387.83873760
    131.58600000   85736.00000000    1386.91430168   85726.04859453     -55.21562124    -124.37755917    1387.86271449
    131.78600000   85730.00000000    1387.48611746   85723.74576645     -58.79031858    -114.57885663    1388.08219686
    131.98600000   85728.00000000    1387.67672992   85721.36329883     -60.91275878    -104.18093015    1388.30927469
    132.18600000   85729.00000000    1387.58142324   85720.11099629     -59.02435937     -90.25425111    1388.42863625
    132.38600000   85722.00000000    1388.24858891   85716.92592816     -60.90178184     -82.30454468    1388.73222314
    132.58600000   85737.00000000    1386.81900220   85720.25885345     -46.41036685     -56.07566883    1388.41454336
    132.78600000   85734.00000000    1387.10490334   85722.25254837     -36.08045473     -37.67057039    1388.22451792
    132.98600000   85732.00000000    1387.29550860   85723.47995882     -28.30057832     -24.32195644    1388.10753127
    133.18600000   85729.00000000    1387.58142324   85723.68547955     -23.52688084     -15.99553168    1388.08794287
    133.38600000   85730.00000000    1387.48611746   85724.49589258     -17.70025851      -7.37207511    1388.01070187
    133.58600000   85723.00000000    1388.15327683   85722.84894544     -18.20592990      -7.13541322    1388.16767410
    133.78600000   85726.00000000    1387.86734598   85722.86073448     -14.69190545      -2.21702813    1388.16655046
    133.98600000   85731.00000000    1387.39081258   85724.91466322      -6.76510503       7.31705860    1387.97078880
    134.18600000   85732.00000000    1387.29550860   85727.09790044       0.49429126      14.99733069    1387.76270681
    134.38600000   85729.00000000    1387.58142324   85727.86341839       3.45430577      16.77804851    1387.68974713
    134.58600000   85730.00000000    1387.48611746   85728.90026490       6.53598397      18.50103775    1387.59092862
    134.78600000   85728.00000000    1387.67672992   85729.02673397       6.93874302      16.89242165    1387.57887533
    134.98600000   85727.00000000    1387.77203750   85728.76367908       6.20135064      14.12921070    1387.60394612
    135.18600000   85734.00000000    1387.10490334   85731.08723091      11.45382151      18.69273678    1387.38249909
    135.38600000   85734.00000000    1387.10490334   85732.90063977      14.71880836      20.41513870    1387.20967482
    135.58600000   85725.00000000    1387.96265537   85730.98846300       8.66860316      11.03282716    1387.39191211
    135.78600000   85730.00000000    1387.48611746   85731.19129179       8.13430447       9.16639320    1387.37258164
    135.98600000   85719.00000000    1388.53453056   85727.28430363      -2.06665472      -3.81288338    1387.74494112
    136.18600000   85732.00000000    1387.29550860   85728.86075919       1.76629954       1.10546299    1387.59469377
    136.38600000   85726.00000000    1387.86734598   85727.93218879      -0.71203638      -1.92175738    1387.68319282
    136.58600000   85723.00000000    1388.15327683   85726.09042577      -5.03022204      -6.76362370    1387.85872760
    136.78600000   85732.00000000    1387.29550860   85727.91104421      -0.21021747      -0.35732927    1387.68520805
    136.98600000   85731.00000000    1387.39081258   85729.01983757       2.40410794       2.74505289    1387.57953260
    137.18600000   85734.00000000    1387.10490334   85730.98485173       6.70064016       7.46897961    1387.39225628
    137.38600000   85726.00000000    1387.86734598   85729.60447153       2.59638705       1.82174178    1387.52381350
    137.58600000   85736.00000000    1386.91430168   85732.09294514       7.99727935       7.94304634    1387.28665060
    137.78600000   85726.00000000    1387.86734598   85730.39045235       2.88722307       1.06438786    1387.44890534
    137.98600000   85731.00000000    1387.39081258   85730.79154997       3.26822325       1.39097302    1387.41067881
    138.18600000   85733.00000000    1387.20020552   85731.79801240       5.00951328       3.27416444    1387.31475875
    138.38600000   85729.00000000    1387.58142324   85731.09679695       2.51919583      -0.01095267    1387.38158741
    138.58600000   85727.00000000    1387.77203750   85729.76171973      -1.17588140      -4.33782501    1387.50882687
    138.78600000   85729.00000000    1387.58142324   85729.40029085      -2.12773431      -4.96497315    1387.54327310
    138.98600000   85735.00000000    1387.00960206   85731.29093093       2.35681118       0.84614091    1387.36308561
    139.18600000   85732.00000000    1387.29550860   85731.69514693       2.84580659       1.32376371    1387.32456222
    139.38600000   85740.00000000    1386.53310916   85734.89134965       9.80612513       9.32764536    1387.01995653
    139.58600000   85735.00000000    1387.00960206   85735.55743735       9.95596109       8.45429091    1386.95647796
    139.78600000   85727.00000000    1387.77203750   85733.08041148       2.63452589      -1.07207918    1387.19254210
    139.98600000   85737.00000000    1386.81900220   85734.66284184       5.65774628       2.58961932    1387.04173356
    140.18600000   85727.00000000    1387.77203750   85732.23109842      -1.09067180      -5.60610555    1387.27348413
    140.38600000   85725.00000000    1387.96265537   85729.51984693      -7.67452247     -12.68749054    1387.53187871
    140.58600000   85729.00000000    1387.58142324   85728.82471306      -8.65806096     -12.41286303    1387.59812919
    140.78600000   85732.00000000    1387.29550860   85729.41328638      -6.38975500      -8.36017822    1387.54203455
    140.98600000   85731.00000000    1387.39081258   85729.57498971      -5.28626442      -6.12757020    1387.52662329
    141.18600000   85730.00000000    1387.48611746   85729.38845095      -5.05651434      -5.16943725    1387.54440151
    141.38600000   85733.00000000    1387.20020552   85730.37691663      -2.04419200      -1.05977081    1387.45019536
    141.58600000   85728.00000000    1387.67672992   85729.38499496      -3.99847392      -3.22968557    1387.54473089
    141.78600000   85738.00000000    1386.72370362   85732.26232248       3.36608872       5.75971255    1387.27050837
    141.98600000   85730.00000000    1387.48611746   85731.66266795       1.69506689       3.15475887    1387.32765759
    142.18600000   85739.00000000    1386.62840594   85734.44227370       8.09425504      10.29549065    1387.06275398
    142.38600000   85735.00000000    1387.00960206   85735.16980793       8.85549016      10.02944727    1386.99341924
    142.58600000   85734.00000000    1387.10490334   85735.31520380       8.05912456       7.96887650    1386.97956292
    142.78600000   85737.00000000    1386.81900220   85736.44340277       9.56863098       8.84091473    1386.87204552
    142.98600000   85726.00000000    1387.86734598   85733.25838358       0.70867774      -2.53102095    1387.17558091
    143.18600000   85733.00000000    1387.20020552   85733.20035580       0.19770748      -2.84492462    1387.18111110
    143.38600000   85732.00000000    1387.29550860   85732.76782077      -1.10242830      -4.04789335    1387.22233283
    143.58600000   85734.00000000    1387.10490334   85733.13641777      -0.33591428      -2.69489217    1387.18720456
    143.78600000   85727.00000000    1387.77203750   85730.87769168      -5.78135335      -8.77019252    1387.40246911
    143.98600000   85734.00000000    1387.10490334   85731.63348609      -3.45788613      -5.06250145    1387.33043873
    144.18600000   85733.00000000    1387.20020552   85731.90399254      -2.47788675      -3.34535242    1387.30465845
    144.38600000   85734.00000000    1387.10490334   85732.50455812      -0.79876489      -1.00239704    1387.24742254
    144.58600000   85725.00000000    1387.96265537   85729.72525879      -7.21541469      -8.40560719    1387.51230180
    144.78600000   85725.00000000    1387.96265537   85727.54227410     -11.42285229     -12.38866722    1387.72035456
    144.98600000   85732.00000000    1387.29550860   85728.42807106      -7.83441756      -6.79241487    1387.63593178
    145.18600000   85727.00000000    1387.77203750   85727.41036174      -9.03538173      -7.43534138    1387.73292681
    145.38600000   85726.00000000    1387.86734598   85726.32381383     -10.18230196      -7.94267060    1387.83648368
    145.58600000   85735.00000000    1387.00960206   85728.83166853      -2.69415104       1.72144648    1387.59746629
    145.78600000   85727.00000000    1387.77203750   85728.00635827      -3.87497859       0.14475362    1387.67612393
    145.98600000   85732.00000000    1387.29550860   85729.22148599      -0.14459275       4.49793808    1387.56031427
    146.18600000   85730.00000000    1387.48611746   85729.50879612       0.94423463       5.26752250    1387.53293192
    146.38600000   85729.00000000    1387.58142324   85729.39702470       0.91886381       4.64549153    1387.54358438
    146.58600000   85726.00000000    1387.86734598   85728.23214550      -1.62084597       1.14831964    1387.65460482
    146.78600000   85727.00000000    1387.77203750   85727.68864023      -2.43171986       0.06940554    1387.70640477
    146.98600000   85732.00000000    1387.29550860   85729.10721775       1.44427567       4.60161760    1387.57120473
    147.18600000   85731.00000000    1387.39081258   85729.89690868       3.36150572       6.32986513    1387.49594262
    147.38600000   85738.00000000    1386.72370362   85733.06597827      10.56882994      14.06015068    1387.19391762
    147.58600000   85731.00000000    1387.39081258   85733.00218181       9.24052266      10.92327007    1387.19999759
    147.78600000   85727.00000000    1387.77203750   85731.41739163       4.38053437       4.00240498    1387.35103339
    147.98600000   85740.00000000    1386.53310916   85734.81618719      11.69853840      12.12404600    1387.02711959
    148.18600000   85728.00000000    1387.67672992   85733.08927303       6.05512834       4.15052339    1387.19169757
    148.38600000   85731.00000000    1387.39081258   85732.71211704       4.16348217       1.46809629    1387.22764156
    148.58600000   85733.00000000    1387.20020552   85733.07547950       4.20345942       1.34984021    1387.19301213
    148.78600000   85734.00000000    1387.10490334   85733.67232532       4.77133574       1.86321834    1387.13613135
    148.98600000   85734.00000000    1387.10490334   85734.08845422       4.83188995       1.72463436    1387.09647350
    149.18600000   85734.00000000    1387.10490334   85734.35663407       4.52042765       1.16588466    1387.07091555
    149.38600000   85732.00000000    1387.29550860   85733.77976715       2.25176861      -1.62253198    1387.12589193
    149.58600000   85733.00000000    1387.20020552   85733.62920230       1.25439606      -2.60832282    1387.14024106
    149.82600000   85729.00000000    1387.58142324   85732.01571244      -3.02976471      -7.33313345    1387.29401115
